x<- 9
x
y<- 8
y
z<- 7
z

dbl_var<-c(1,2,3,4)


